%----- Controller Tuning
% Elevation Loop
Kp_el = 20; %2.395;
Ki_el = 10; %0.140;
Kd_el = 10; %9.121;
N_el = 1143;

% Roll Loop %FINAL
Kp_roll = 1.0032;
Ki_roll = 0.20242;
Kd_roll = 1.2268;

% Pitch Loop %FINAL
Kp_pitch = 1.0032;
Ki_pitch = 0.20242;
Kd_pitch = 1.2268;

% Yaw Loop
Kp_yaw = 2; %3969499.29287214;
Ki_yaw = 0.05; %719645.642029045;
Kd_yaw = 10; %5376455.39092611;